[VR]
ScreenHeight = 263.001343
ScreenDistance = 111.498871
ScreenUp = -1.300000
ScreenPitch = 30.000000
