[VR]
ScreenHeight = 10.500000
ScreenDistance = 2.600000
ScreenThickness = 0.700000
ScreenUp = -0.400000
ScreenPitch = 15.000000
VRStateId = 1
VRIssues = Stretched copy on left.
