# FA7E01, FA7P01 - Yoshi

[VR]
ScreenHeight = 7.111337
ScreenDistance = 3.0
ScreenUp = 0.400000
