[VR]
ScreenHeight = 0.872594
ScreenDistance = 0.600000
ScreenUp = 0.500000
ScreenPitch = 85.000000
