[VR]
ScreenHeight = 26.549833
ScreenDistance = 8.199995
