# FAHE01, FAHP01 - Tennis

[VR]
ScreenHeight = 18.868477
ScreenDistance = 8.5
ScreenUp = 12.5000
ScreenPitch = 70.000000
