[VR]
ScreenHeight = 25.285559
ScreenDistance = 7.9
ScreenUp = 15.0000
ScreenPitch = 80.000000
