[VR]
ScreenHeight = 20.802494
ScreenDistance = 11.40000
ScreenUp = 11.50000
ScreenPitch = 75.000000
