# FALE01, FALP01 - Baseball

[VR]
ScreenHeight = 18.868477
ScreenDistance = 10.90000
ScreenUp = 13.7000
ScreenPitch = 75.000000
VRStateId = 4

