[VR]
ScreenHeight = 17.969978
ScreenDistance = 10.50000
