# FAQL01, FAQN01 - Ninja JaJaMaru-kun

[VR]
ScreenHeight = 47.679665
ScreenDistance = 16.2000
ScreenUp = 0.400000
