[VR]
ScreenHeight = 161.460083
ScreenDistance = 113.798836
