# FASE01, FASP01 - Xevious

[VR]
ScreenHeight = 126.508224
ScreenDistance = 34.4000
ScreenUp = 70.8
ScreenPitch = 90.000000
