# FAVE01 - TECMO BOWL

[VR]
ScreenHeight = 24.081484
ScreenDistance = 11.100006
ScreenUp = 13.500015
ScreenPitch = 85.000000
