# FBYE01, FBYP01 - Super Mario Bros. 2

[VR]
ScreenHeight = 16.299301
ScreenDistance = 4.299998
ScreenUp = 0.500000
