# FEDL01, FEDN01 - DIG DUG

[VR]
ScreenHeight = 16.299301
ScreenDistance = 1.600000
ScreenThickness = 0.600000
ScreenUp = 6.2
ScreenPitch = 90.000000
