[VR]
UnitsPerMetre = 129.130051
HudDistance = 1.600000
