# JAAE01 - Super Mario World

[VR]
UnitsPerMetre = 0.909091
ScreenHeight = 27.877323
ScreenDistance = 6.699996
ScreenUp = 2.000000
