# JAEE01 - Donkey Kong Country

[VR]
ScreenHeight = 24.081486
ScreenDistance = 9.600000
ScreenUp = -3.999998
ScreenPitch = 10.000000
