# JAIE01 - Super Castlevania IV

[VR]
ScreenHeight = 12.770932
ScreenDistance = 4.699997
ScreenUp = 0.200000
