# JCBE01 - Super Mario RPG

[VR]
ScreenHeight = 13.409478
ScreenDistance = 6.199996
ScreenUp = -2.600000
ScreenPitch = 25.000000
