# LANE8P, LANP8P - Alex Kidd: TLS

[VR]
ScreenHeight = 8.643873
ScreenDistance = 2.599999
ScreenUp = -0.800000
ScreenPitch = 5.000000
