# LAQE8P, LAQP8P - Alex Kidd in SW

[VR]
ScreenHeight = 12.162793
ScreenDistance = 3.699998
ScreenUp = 2.500000
