# MAEE8P, MAEP8P - Golden Axe

[VR]
ScreenHeight = 10.000000
ScreenDistance = 2.400000
ScreenUp = 1.400000
ScreenPitch = 15.000000
VRStateId = 5
