# MAFE8P, MAFP8P - Gunstar Heroes

[VR]
HudDistance = 0.000000
ScreenHeight = 9.076066
ScreenDistance = 5.099997
ScreenUp = 0.000000
