# MAJE8P, MAJP8P - ToeJam & Earl

[VR]
ScreenHeight = 5.600000
ScreenUp = 1.500000
ScreenPitch = 65.000000
VRStateId = 5
