# MAXE8P, MAXP8P - Alex Kidd

[VR]
ScreenHeight = 18.000000
ScreenDistance = 4.300000
ScreenUp = 1.800000
VRStateId = 5
