# MBDE8P, MBDP8P - Golden Axe II

[VR]
ScreenHeight = 10.500000
ScreenDistance = 2.600000
ScreenThickness = 0.700000
ScreenPitch = 15.000000
ScreenUp = -0.400000
VRStateId = 5
