# MBOE8P, MBOP8P - Golden Axe III

[VR]
ScreenHeight = 10.500000
ScreenDistance = 2.800000
ScreenThickness = 0.700000
ScreenUp = -0.400000
ScreenPitch = 15.000000
