[VR]
ScreenHeight = 16.299301
ScreenDistance = 6.999995
ScreenUp = 5.499997
ScreenPitch = 70.000000
