[VR]
UnitsPerMetre = 1.728000
HudDistance = 2.900000
HudThickness = 0.300000
