[VR]
CameraForward = 7.400000
CameraPitch = 35.000000
ScreenThickness = 8.000000
VRStateId = 5
ScreenHeight = 6.000000
ScreenDistance = 15.000000
AimDistance = 5.000000
HudDistance = 2.000000
